model result


Site level (10 Fold Cross Val, 14000 sample, pos : neg = 1:2)													
	New Model 							miRAW					
Set	Accuracy	Precision	Sensitivity	Specificity	F1	ROCAUC		Accuracy	Precision	Sensitivity	Specificity	F1	ROCAUC
1	0.959	0.965	0.953	0.965	0.959	0.987		0.913	0.913	0.913	0.97	0.913	0.925
2	0.951	0.96	0.942	0.961	0.951	0.986		0.907	0.907	0.907	0.889	0.907	0.922
3	0.956	0.962	0.949	0.962	0.955	0.989		0.917	0.917	0.917	0.955	0.917	0.931
4	0.958	0.967	0.948	0.968	0.958	0.989		0.92	0.92	0.92	0.891	0.92	0.933
5	0.952	0.954	0.949	0.954	0.952	0.989		0.905	0.905	0.905	0.927	0.905	0.919
6	0.932	0.965	0.895	0.968	0.929	0.978		0.912	0.912	0.912	0.969	0.912	0.926
7	0.959	0.972	0.946	0.973	0.959	0.989		0.921	0.921	0.921	0.938	0.921	0.934
8	0.951	0.956	0.945	0.956	0.95	0.984		0.911	0.912	0.911	0.939	0.912	0.925
9	0.955	0.954	0.955	0.954	0.955	0.987		0.913	0.913	0.913	0.939	0.913	0.926
Average	0.952	0.962	0.943	0.962	0.952	0.986		0.913	0.913	0.913	0.935	0.913	0.927
Std.	0.008	0.006	0.018	0.007	0.009	0.004		0.006	0.005	0.006	0.03	0.006	0.005


offset-9-mer-m7						
set	accuracy	precision	sensitivity	specificity	F1	ROCAUC
0	0.792883212	0.846652268	0.715328467	0.870437956	0.775469832	0.880880708
1	0.792883212	0.846652268	0.715328467	0.870437956	0.775469832	0.875665992
2	0.802919708	0.85021097	0.73540146	0.870437956	0.788649706	0.887853642
3	0.775547445	0.84009009	0.680656934	0.870437956	0.752016129	0.867139632
4	0.802919708	0.85021097	0.73540146	0.870437956	0.788649706	0.883797752
5	0.791058394	0.845986985	0.711678832	0.870437956	0.773042616	0.878974306
6	0.770072993	0.837899543	0.669708029	0.870437956	0.744421907	0.868180244
7	0.784671533	0.843612335	0.698905109	0.870437956	0.764471058	0.876293689
8	0.78649635	0.844298246	0.702554745	0.870437956	0.766932271	0.875166498
9	0.801094891	0.849576271	0.731751825	0.870437956	0.78627451	0.882352549
Average	0.790054745	0.845518995	0.709671533	0.870437956	0.771539757	0.877630501
Atd.	0.011161842	0.004162438	0.022323684	1.17028E-16	0.014994475	0.006568429
						
10-mer-m7						
set	accuracy	precision	sensitivity	specificity	F1	ROCAUC
0	0.832116788	0.818181818	0.854014599	0.810218978	0.835714286	0.902930031
1	0.823905109	0.815275311	0.837591241	0.810218978	0.826282628	0.897568797
2	0.83850365	0.820379965	0.866788321	0.810218978	0.842945874	0.908409478
3	0.808394161	0.80952381	0.806569343	0.810218978	0.808043876	0.890189608
4	0.821167883	0.814285714	0.832116788	0.810218978	0.823104693	0.898431256
5	0.820255474	0.813953488	0.830291971	0.810218978	0.822041554	0.90101364
6	0.810218978	0.810218978	0.810218978	0.810218978	0.810218978	0.893383039
7	0.824817518	0.815602837	0.839416058	0.810218978	0.827338129	0.901161823
8	0.827554745	0.816578483	0.844890511	0.810218978	0.830493274	0.901286696
9	0.820255474	0.813953488	0.830291971	0.810218978	0.822041554	0.8977303
Average	0.822718978	0.814795389	0.835218978	0.810218978	0.824822485	0.899210467
Atd.	0.009083955	0.003285111	0.018167909	1.17028E-16	0.010545715	0.005062442
						
10-mer-m6						
set	accuracy	precision	sensitivity	specificity	F1	ROCAUC
0	0.819343066	0.765957447	0.919708029	0.718978102	0.835820896	0.901667976
1	0.821167883	0.766666667	0.923357664	0.718978102	0.837748344	0.901829479
2	0.827554745	0.769115442	0.936131387	0.718978102	0.844444444	0.910728795
3	0.813868613	0.763803681	0.908759124	0.718978102	0.83	0.89570069
4	0.812956204	0.76344086	0.906934307	0.718978102	0.829024187	0.900670654
5	0.823905109	0.767722474	0.928832117	0.718978102	0.840627581	0.907571994
6	0.819343066	0.765957447	0.919708029	0.718978102	0.835820896	0.898870811
7	0.815693431	0.764525994	0.912408759	0.718978102	0.831946755	0.902162475
8	0.821167883	0.766666667	0.923357664	0.718978102	0.837748344	0.902275694
9	0.822080292	0.767019667	0.925182482	0.718978102	0.838709677	0.904371903
Average	0.819708029	0.766087635	0.920437956	0.718978102	0.836189112	0.902585047
Atd.	0.004535609	0.001766165	0.009071217	0	0.004795556	0.004228529
						
All site						
set	accuracy	precision	sensitivity	specificity	F1	ROCAUC
0	0.819343066	0.765957447	0.919708029	0.718978102	0.835820896	0.901869439
1	0.821167883	0.766666667	0.923357664	0.718978102	0.837748344	0.902542091
2	0.828467153	0.769461078	0.937956204	0.718978102	0.845394737	0.911083435
3	0.814781022	0.764165391	0.910583942	0.718978102	0.830974188	0.896201849
4	0.815693431	0.764525994	0.912408759	0.718978102	0.831946755	0.901702941
5	0.824817518	0.768072289	0.930656934	0.718978102	0.841584158	0.907540359
6	0.819343066	0.765957447	0.919708029	0.718978102	0.835820896	0.89894074
7	0.816605839	0.764885496	0.914233577	0.718978102	0.832917706	0.903399555
8	0.821167883	0.766666667	0.923357664	0.718978102	0.837748344	0.902950011
9	0.822080292	0.767019667	0.925182482	0.718978102	0.838709677	0.905067865
Average	0.820346715	0.766337814	0.921715328	0.718978102	0.83686657	0.903129828
Atd.	0.004202146	0.001627715	0.008404292	0	0.004430231	0.004164521
